+0s 0 5000 0 0 14
+60s 0 5000 0 0 14
+120s 0 5000 0 0 14
+180s 0 5000 0 0 14
+240s 0 5000 0 0 14
+300s 0 5000 0 0 14
+360s 0 5000 0 0 14
+420s 0 5000 0 0 14
+480s 0 5000 0 0 14
+540s 0 5000 0 0 14
+600s 0 5000 0 0 14
+660s 0 5000 0 0 14
+720s 0 5000 0 0 14
+780s 0 5000 0 0 14
+840s 0 5000 0 0 14
+900s 0 5000 0 0 14
+960s 0 5000 0 0 14
+1020s 0 5000 0 0 14
+1080s 0 5000 0 0 14
+1140s 0 5000 0 0 14
+1200s 0 5000 0 0 14
+1260s 0 5000 0 0 14
+1320s 0 5000 0 0 14
+1380s 0 5000 0 0 14
+1440s 0 5000 0 0 14
+1500s 0 5000 0 0 14
+1560s 0 5000 0 0 14
+1620s 0 5000 0 0 14
+1680s 0 5000 0 0 14
+1740s 0 5000 0 0 14
+1800s 0 5000 0 0 14
+1860s 0 5000 0 0 14
+1920s 0 5000 0 0 14
+1980s 0 5000 0 0 14
+2040s 0 5000 0 0 14
+2100s 0 5000 0 0 14
+2160s 0 5000 0 0 14
+2220s 0 5000 0 0 14
+2280s 0 5000 0 0 14
+2340s 0 5000 0 0 14
+2400s 0 5000 0 0 14
+2460s 0 5000 0 0 14
+2520s 0 5000 0 0 14
+2580s 0 5000 0 0 14
+2640s 0 5000 0 0 14
+2700s 0 5000 0 0 14
+2760s 0 5000 0 0 14
+2820s 0 5000 0 0 14
+2880s 0 5000 0 0 14
+2940s 0 5000 0 0 14
+3000s 0 5000 0 0 14
+3060s 0 5000 0 0 14
+3120s 0 5000 0 0 14
+3180s 0 5000 0 0 14
+3240s 0 5000 0 0 14
+3300s 0 5000 0 0 14
+3360s 0 5000 0 0 14
+3420s 0 5000 0 0 14
+3480s 0 5000 0 0 14
+3540s 0 5000 0 0 14
+3600s 0 5000 0 0 14
+3660s 0 5000 0 0 14
+3720s 0 5000 0 0 14
+3780s 0 5000 0 0 14
+3840s 0 5000 0 0 14
+3900s 0 5000 0 0 14
+3960s 0 5000 0 0 14
+4020s 0 5000 0 0 14
+4080s 0 5000 0 0 14
+4140s 0 5000 0 0 14
+4200s 0 5000 0 0 14
+4260s 0 5000 0 0 14
+4320s 0 5000 0 0 14
+4380s 0 5000 0 0 14
+4440s 0 5000 0 0 14
+4500s 0 5000 0 0 14
+4560s 0 5000 0 0 14
+4620s 0 5000 0 0 14
+4680s 0 5000 0 0 14
+4740s 0 5000 0 0 14
+4800s 0 5000 0 0 14
+4860s 0 5000 0 0 14
+4920s 0 5000 0 0 14
+4980s 0 5000 0 0 14
+5040s 0 5000 0 0 14
+5100s 0 5000 0 0 14
+5160s 0 5000 0 0 14
+5220s 0 5000 0 0 14
+5280s 0 5000 0 0 14
+5340s 0 5000 0 0 14
+5400s 0 5000 0 0 14
+5460s 0 5000 0 0 14
+5520s 0 5000 0 0 14
+5580s 0 5000 0 0 14
+5640s 0 5000 0 0 14
+5700s 0 5000 0 0 14
+5760s 0 5000 0 0 14
+5820s 0 5000 0 0 14
+5880s 0 5000 0 0 14
+5940s 0 5000 0 0 14
+6000s 0 5000 0 0 14
+6060s 0 5000 0 0 14
+6120s 0 5000 0 0 14
+6180s 0 5000 0 0 14
+6240s 0 5000 0 0 14
+6300s 0 5000 0 0 14
+6360s 0 5000 0 0 14
+6420s 0 5000 0 0 14
+6480s 0 5000 0 0 14
+6540s 0 5000 0 0 14
+6600s 0 5000 0 0 14
+6660s 0 5000 0 0 14
+6720s 0 5000 0 0 14
+6780s 0 5000 0 0 14
+6840s 0 5000 0 0 14
+6900s 0 5000 0 0 14
+6960s 0 5000 0 0 14
+7020s 0 5000 0 0 14
+7080s 0 5000 0 0 14
+7140s 0 5000 0 0 14
+7200s 0 5000 0 0 14
+7260s 0 5000 0 0 14
+7320s 0 5000 0 0 14
+7380s 0 5000 0 0 14
+7440s 0 5000 0 0 14
+7500s 0 5000 0 0 14
+7560s 0 5000 0 0 14
+7620s 0 5000 0 0 14
+7680s 0 5000 0 0 14
+7740s 0 5000 0 0 14
+7800s 0 5000 0 0 14
+7860s 0 5000 0 0 14
+7920s 0 5000 0 0 14
+7980s 0 5000 0 0 14
+8040s 0 5000 0 0 14
+8100s 0 5000 0 0 14
+8160s 0 5000 0 0 14
+8220s 0 5000 0 0 14
+8280s 0 5000 0 0 14
+8340s 0 5000 0 0 14
+8400s 0 5000 0 0 14
+8460s 0 5000 0 0 14
+8520s 0 5000 0 0 14
+8580s 0 5000 0 0 14
+8640s 0 5000 0 0 14
+8700s 0 5000 0 0 14
+8760s 0 5000 0 0 14
+8820s 0 5000 0 0 14
+8880s 0 5000 0 0 14
+8940s 0 5000 0 0 14
+9000s 0 5000 0 0 14
+9060s 0 5000 0 0 14
+9120s 0 5000 0 0 14
+9180s 0 5000 0 0 14
+9240s 0 5000 0 0 14
+9300s 0 5000 0 0 14
+9360s 0 5000 0 0 14
+9420s 0 5000 0 0 14
+9480s 0 5000 0 0 14
+9540s 0 5000 0 0 14
+9600s 0 5000 0 0 14
+9660s 0 5000 0 0 14
+9720s 0 5000 0 0 14
+9780s 0 5000 0 0 14
+9840s 0 5000 0 0 14
+9900s 0 5000 0 0 14
+9960s 0 5000 0 0 14
+10020s 0 5000 0 0 14
+10080s 0 5000 0 0 14
+10140s 0 5000 0 0 14
+10200s 0 5000 0 0 14
+10260s 0 5000 0 0 14
+10320s 0 5000 0 0 14
+10380s 0 5000 0 0 14
+10440s 0 5000 0 0 14
+10500s 0 5000 0 0 14
+10560s 0 5000 0 0 14
+10620s 0 5000 0 0 14
+10680s 0 5000 0 0 14
+10740s 0 5000 0 0 14
+10800s 0 5000 0 0 14
+10860s 0 5000 0 0 14
+10920s 0 5000 0 0 14
+10980s 0 5000 0 0 14
+11040s 0 5000 0 0 14
+11100s 0 5000 0 0 14
+11160s 0 5000 0 0 14
+11220s 0 5000 0 0 14
+11280s 0 5000 0 0 14
+11340s 0 5000 0 0 14
+11400s 0 5000 0 0 14
+11460s 0 5000 0 0 14
+11520s 0 5000 0 0 14
+11580s 0 5000 0 0 14
+11640s 0 5000 0 0 14
+11700s 0 5000 0 0 14
+11760s 0 5000 0 0 14
+11820s 0 5000 0 0 14
+11880s 0 5000 0 0 14
+11940s 0 5000 0 0 14
+12000s 0 5000 0 0 14
+12060s 0 5000 0 0 14
+12120s 0 5000 0 0 14
+12180s 0 5000 0 0 14
+12240s 0 5000 0 0 14
+12300s 0 5000 0 0 14
+12360s 0 5000 0 0 14
+12420s 0 5000 0 0 14
+12480s 0 5000 0 0 14
+12540s 0 5000 0 0 14
+12600s 0 5000 0 0 14
+12660s 0 5000 0 0 14
+12720s 0 5000 0 0 14
+12780s 0 5000 0 0 14
+12840s 0 5000 0 0 14
+12900s 0 5000 0 0 14
+12960s 0 5000 0 0 14
+13020s 0 5000 0 0 14
+13080s 0 5000 0 0 14
+13140s 0 5000 0 0 14
+13200s 0 5000 0 0 14
+13260s 0 5000 0 0 14
+13320s 0 5000 0 0 14
+13380s 0 5000 0 0 14
+13440s 0 5000 0 0 14
+13500s 0 5000 0 0 14
+13560s 0 5000 0 0 14
+13620s 0 5000 0 0 14
+13680s 0 5000 0 0 14
+13740s 0 5000 0 0 14
+13800s 0 5000 0 0 14
+13860s 0 5000 0 0 14
+13920s 0 5000 0 0 14
+13980s 0 5000 0 0 14
+14040s 0 5000 0 0 14
+14100s 0 5000 0 0 14
+14160s 0 5000 0 0 14
+14220s 0 5000 0 0 14
+14280s 0 5000 0 0 14
+14340s 0 5000 0 0 14
+14400s 0 5000 0 0 14
+14460s 0 5000 0 0 14
+14520s 0 5000 0 0 14
+14580s 0 5000 0 0 14
+14640s 0 5000 0 0 14
+14700s 0 5000 0 0 14
+14760s 0 5000 0 0 14
+14820s 0 5000 0 0 14
+14880s 0 5000 0 0 14
+14940s 0 5000 0 0 14
+15000s 0 5000 0 0 14
+15060s 0 5000 0 0 14
+15120s 0 5000 0 0 14
+15180s 0 5000 0 0 14
+15240s 0 5000 0 0 14
+15300s 0 5000 0 0 14
+15360s 0 5000 0 0 14
+15420s 0 5000 0 0 14
+15480s 0 5000 0 0 14
+15540s 0 5000 0 0 14
+15600s 0 5000 0 0 14
+15660s 0 5000 0 0 14
+15720s 0 5000 0 0 14
+15780s 0 5000 0 0 14
+15840s 0 5000 0 0 14
+15900s 0 5000 0 0 14
+15960s 0 5000 0 0 14
+16020s 0 5000 0 0 14
+16080s 0 5000 0 0 14
+16140s 0 5000 0 0 14
+16200s 0 5000 0 0 14
+16260s 0 5000 0 0 14
+16320s 0 5000 0 0 14
+16380s 0 5000 0 0 14
+16440s 0 5000 0 0 14
+16500s 0 5000 0 0 14
+16560s 0 5000 0 0 14
+16620s 0 5000 0 0 14
+16680s 0 5000 0 0 14
+16740s 0 5000 0 0 14
+16800s 0 5000 0 0 14
+16860s 0 5000 0 0 14
+16920s 0 5000 0 0 14
+16980s 0 5000 0 0 14
+17040s 0 5000 0 0 14
+17100s 0 5000 0 0 14
+17160s 0 5000 0 0 14
+17220s 0 5000 0 0 14
+17280s 0 5000 0 0 14
+17340s 0 5000 0 0 14
+17400s 0 5000 0 0 14
+17460s 0 5000 0 0 14
+17520s 0 5000 0 0 14
+17580s 0 5000 0 0 14
+17640s 0 5000 0 0 14
+17700s 0 5000 0 0 14
+17760s 0 5000 0 0 14
+17820s 0 5000 0 0 14
+17880s 0 5000 0 0 14
+17940s 0 5000 0 0 14
+18000s 0 5000 0 0 14
