+0s 0 0 0 0 0 0 0 
+1s 0 0 0 0 0 0 0 
+2s 0 0 0 0 0 0 0 
+3s 0 0 0 0 0 0 0 
+4s 0 0 0 0 0 0 0 
+5s 0 0 0 0 0 0 0 
+6s 0 0 0 0 0 0 0 
+7s 0 0 0 0 0 0 0 
+8s 0 0 0 0 0 0 0 
+9s 0 0 0 0 0 0 0 
+10s 0 1 0 0 0 0 0 
+11s 0 1 0 0 0 1 0 
+12s 0 0 0 0 0 0 0 
+13s 0 0 0 0 0 0 0 
+14s 0 0 0 0 0 0 0 
+15s 0 0 0 0 0 0 0 
+16s 0 0 0 0 0 0 0 
+17s 0 0 0 0 0 0 0 
+18s 0 0 0 0 0 0 0 
+19s 0 0 0 0 0 0 0 
+20s 0 0 0 0 0 0 0 
+21s 0 0 0 0 0 0 0 
+22s 0 0 0 0 0 0 0 
+23s 0 0 0 0 0 0 0 
+24s 0 0 0 0 0 0 0 
+25s 0 0 0 0 0 0 0 
+26s 0 0 0 0 0 0 0 
+27s 0 0 0 0 0 0 0 
+28s 0 0 0 0 0 0 0 
+29s 0 0 0 0 0 0 0 
+30s 0 0 0 0 0 0 0 
+31s 0 0 0 0 0 0 0 
+32s 0 0 0 0 0 0 0 
+33s 0 0 0 0 0 0 0 
+34s 0 0 0 0 0 0 0 
+35s 0 0 0 0 0 0 0 
+36s 0 0 0 0 0 0 0 
+37s 0 0 0 0 0 0 0 
+38s 0 0 0 0 0 0 0 
+39s 0 0 0 0 0 0 0 
+40s 0 0 0 0 0 0 0 
+41s 0 0 0 0 0 0 0 
+42s 0 0 0 0 0 0 0 
+43s 0 0 0 0 0 0 0 
+44s 0 0 0 0 0 0 0 
+45s 0 0 0 0 0 0 0 
+46s 0 0 0 0 0 0 0 
+47s 0 0 0 0 0 0 0 
+48s 0 0 0 0 0 0 0 
+49s 0 0 0 0 0 0 0 
+50s 0 0 0 0 0 0 0 
+51s 0 0 0 0 0 0 0 
+52s 0 0 0 0 0 0 0 
+53s 0 0 0 0 0 0 0 
+54s 0 0 0 0 0 0 0 
+55s 0 0 0 0 0 0 0 
+56s 0 0 0 0 0 0 0 
+57s 0 0 0 0 0 0 0 
+58s 0 0 0 0 0 0 0 
+59s 0 0 0 0 0 0 0 
+60s 0 0 0 0 0 0 0 
+61s 0 0 0 0 0 0 0 
+62s 0 0 0 0 0 0 0 
+63s 0 0 0 0 0 0 0 
+64s 0 0 0 0 0 0 0 
+65s 0 0 0 0 0 0 0 
+66s 0 0 0 0 0 0 0 
+67s 0 0 0 0 0 0 0 
+68s 0 0 0 0 0 0 0 
+69s 0 0 0 0 0 0 0 
+70s 0 1 0 0 0 0 0 
+71s 0 1 0 0 0 1 0 
+72s 0 0 0 0 0 0 0 
+73s 0 0 0 0 0 0 0 
+74s 0 0 0 0 0 0 0 
+75s 0 0 0 0 0 0 0 
+76s 0 0 0 0 0 0 0 
+77s 0 0 0 0 0 0 0 
+78s 0 0 0 0 0 0 0 
+79s 0 0 0 0 0 0 0 
+80s 0 0 0 0 0 0 0 
+81s 0 0 0 0 0 0 0 
+82s 0 0 0 0 0 0 0 
+83s 0 0 0 0 0 0 0 
+84s 0 0 0 0 0 0 0 
+85s 0 0 0 0 0 0 0 
+86s 0 0 0 0 0 0 0 
+87s 0 0 0 0 0 0 0 
+88s 0 0 0 0 0 0 0 
+89s 0 0 0 0 0 0 0 
+90s 0 0 0 0 0 0 0 
+91s 0 0 0 0 0 0 0 
+92s 0 0 0 0 0 0 0 
+93s 0 0 0 0 0 0 0 
+94s 0 0 0 0 0 0 0 
+95s 0 0 0 0 0 0 0 
+96s 0 0 0 0 0 0 0 
+97s 0 0 0 0 0 0 0 
+98s 0 0 0 0 0 0 0 
+99s 0 0 0 0 0 0 0 
+100s 0 0 0 0 0 0 0 
+101s 0 0 0 0 0 0 0 
+102s 0 0 0 0 0 0 0 
+103s 0 0 0 0 0 0 0 
+104s 0 0 0 0 0 0 0 
+105s 0 0 0 0 0 0 0 
+106s 0 0 0 0 0 0 0 
+107s 0 0 0 0 0 0 0 
+108s 0 0 0 0 0 0 0 
+109s 0 0 0 0 0 0 0 
+110s 0 0 0 0 0 0 0 
+111s 0 0 0 0 0 0 0 
+112s 0 0 0 0 0 0 0 
+113s 0 0 0 0 0 0 0 
+114s 0 0 0 0 0 0 0 
+115s 0 0 0 0 0 0 0 
+116s 0 0 0 0 0 0 0 
+117s 0 0 0 0 0 0 0 
+118s 0 0 0 0 0 0 0 
+119s 0 0 0 0 0 0 0 
+120s 0 0 0 0 0 0 0 
+121s 0 0 0 0 0 0 0 
+122s 0 0 0 0 0 0 0 
+123s 0 0 0 0 0 0 0 
+124s 0 0 0 0 0 0 0 
+125s 0 0 0 0 0 0 0 
+126s 0 0 0 0 0 0 0 
+127s 0 0 0 0 0 0 0 
+128s 0 0 0 0 0 0 0 
+129s 0 0 0 0 0 0 0 
+130s 0 1 0 0 0 0 0 
+131s 0 1 0 0 0 1 0 
+132s 0 0 0 0 0 0 0 
+133s 0 0 0 0 0 0 0 
+134s 0 0 0 0 0 0 0 
+135s 0 0 0 0 0 0 0 
+136s 0 0 0 0 0 0 0 
+137s 0 0 0 0 0 0 0 
+138s 0 0 0 0 0 0 0 
+139s 0 0 0 0 0 0 0 
+140s 0 0 0 0 0 0 0 
+141s 0 0 0 0 0 0 0 
+142s 0 0 0 0 0 0 0 
+143s 0 0 0 0 0 0 0 
+144s 0 0 0 0 0 0 0 
+145s 0 0 0 0 0 0 0 
+146s 0 0 0 0 0 0 0 
+147s 0 0 0 0 0 0 0 
+148s 0 0 0 0 0 0 0 
+149s 0 0 0 0 0 0 0 
+150s 0 0 0 0 0 0 0 
+151s 0 0 0 0 0 0 0 
+152s 0 0 0 0 0 0 0 
+153s 0 0 0 0 0 0 0 
+154s 0 0 0 0 0 0 0 
+155s 0 0 0 0 0 0 0 
+156s 0 0 0 0 0 0 0 
+157s 0 0 0 0 0 0 0 
+158s 0 0 0 0 0 0 0 
+159s 0 0 0 0 0 0 0 
+160s 0 0 0 0 0 0 0 
+161s 0 0 0 0 0 0 0 
+162s 0 0 0 0 0 0 0 
+163s 0 0 0 0 0 0 0 
+164s 0 0 0 0 0 0 0 
+165s 0 0 0 0 0 0 0 
+166s 0 0 0 0 0 0 0 
+167s 0 0 0 0 0 0 0 
+168s 0 0 0 0 0 0 0 
+169s 0 0 0 0 0 0 0 
+170s 0 0 0 0 0 0 0 
+171s 0 0 0 0 0 0 0 
+172s 0 0 0 0 0 0 0 
+173s 0 0 0 0 0 0 0 
+174s 0 0 0 0 0 0 0 
+175s 0 0 0 0 0 0 0 
+176s 0 0 0 0 0 0 0 
+177s 0 0 0 0 0 0 0 
+178s 0 0 0 0 0 0 0 
+179s 0 0 0 0 0 0 0 
+180s 0 0 0 0 0 0 0 
+181s 0 0 0 0 0 0 0 
+182s 0 0 0 0 0 0 0 
+183s 0 0 0 0 0 0 0 
+184s 0 0 0 0 0 0 0 
+185s 0 0 0 0 0 0 0 
+186s 0 0 0 0 0 0 0 
+187s 0 0 0 0 0 0 0 
+188s 0 0 0 0 0 0 0 
+189s 0 0 0 0 0 0 0 
+190s 0 1 0 0 0 0 0 
+191s 0 1 0 0 0 1 0 
+192s 0 0 0 0 0 0 0 
+193s 0 0 0 0 0 0 0 
+194s 0 0 0 0 0 0 0 
+195s 0 0 0 0 0 0 0 
+196s 0 0 0 0 0 0 0 
+197s 0 0 0 0 0 0 0 
+198s 0 0 0 0 0 0 0 
+199s 0 0 0 0 0 0 0 
+200s 0 0 0 0 0 0 0 
+201s 0 0 0 0 0 0 0 
+202s 0 0 0 0 0 0 0 
+203s 0 0 0 0 0 0 0 
+204s 0 0 0 0 0 0 0 
+205s 0 0 0 0 0 0 0 
+206s 0 0 0 0 0 0 0 
+207s 0 0 0 0 0 0 0 
+208s 0 0 0 0 0 0 0 
+209s 0 0 0 0 0 0 0 
+210s 0 0 0 0 0 0 0 
+211s 0 0 0 0 0 0 0 
+212s 0 0 0 0 0 0 0 
+213s 0 0 0 0 0 0 0 
+214s 0 0 0 0 0 0 0 
+215s 0 0 0 0 0 0 0 
+216s 0 0 0 0 0 0 0 
+217s 0 0 0 0 0 0 0 
+218s 0 0 0 0 0 0 0 
+219s 0 0 0 0 0 0 0 
+220s 0 0 0 0 0 0 0 
+221s 0 0 0 0 0 0 0 
+222s 0 0 0 0 0 0 0 
+223s 0 0 0 0 0 0 0 
+224s 0 0 0 0 0 0 0 
+225s 0 0 0 0 0 0 0 
+226s 0 0 0 0 0 0 0 
+227s 0 0 0 0 0 0 0 
+228s 0 0 0 0 0 0 0 
+229s 0 0 0 0 0 0 0 
+230s 0 0 0 0 0 0 0 
+231s 0 0 0 0 0 0 0 
+232s 0 0 0 0 0 0 0 
+233s 0 0 0 0 0 0 0 
+234s 0 0 0 0 0 0 0 
+235s 0 0 0 0 0 0 0 
+236s 0 0 0 0 0 0 0 
+237s 0 0 0 0 0 0 0 
+238s 0 0 0 0 0 0 0 
+239s 0 0 0 0 0 0 0 
+240s 0 0 0 0 0 0 0 
+241s 0 0 0 0 0 0 0 
+242s 0 0 0 0 0 0 0 
+243s 0 0 0 0 0 0 0 
+244s 0 0 0 0 0 0 0 
+245s 0 0 0 0 0 0 0 
+246s 0 0 0 0 0 0 0 
+247s 0 0 0 0 0 0 0 
+248s 0 0 0 0 0 0 0 
+249s 0 0 0 0 0 0 0 
+250s 0 1 0 0 0 0 0 
+251s 0 1 0 0 0 1 0 
+252s 0 0 0 0 0 0 0 
+253s 0 0 0 0 0 0 0 
+254s 0 0 0 0 0 0 0 
+255s 0 0 0 0 0 0 0 
+256s 0 0 0 0 0 0 0 
+257s 0 0 0 0 0 0 0 
+258s 0 0 0 0 0 0 0 
+259s 0 0 0 0 0 0 0 
+260s 0 0 0 0 0 0 0 
+261s 0 0 0 0 0 0 0 
+262s 0 0 0 0 0 0 0 
+263s 0 0 0 0 0 0 0 
+264s 0 0 0 0 0 0 0 
+265s 0 0 0 0 0 0 0 
+266s 0 0 0 0 0 0 0 
+267s 0 0 0 0 0 0 0 
+268s 0 0 0 0 0 0 0 
+269s 0 0 0 0 0 0 0 
+270s 0 0 0 0 0 0 0 
+271s 0 0 0 0 0 0 0 
+272s 0 0 0 0 0 0 0 
+273s 0 0 0 0 0 0 0 
+274s 0 0 0 0 0 0 0 
+275s 0 0 0 0 0 0 0 
+276s 0 0 0 0 0 0 0 
+277s 0 0 0 0 0 0 0 
+278s 0 0 0 0 0 0 0 
+279s 0 0 0 0 0 0 0 
+280s 0 0 0 0 0 0 0 
+281s 0 0 0 0 0 0 0 
+282s 0 0 0 0 0 0 0 
+283s 0 0 0 0 0 0 0 
+284s 0 0 0 0 0 0 0 
+285s 0 0 0 0 0 0 0 
+286s 0 0 0 0 0 0 0 
+287s 0 0 0 0 0 0 0 
+288s 0 0 0 0 0 0 0 
+289s 0 0 0 0 0 0 0 
+290s 0 0 0 0 0 0 0 
+291s 0 0 0 0 0 0 0 
+292s 0 0 0 0 0 0 0 
+293s 0 0 0 0 0 0 0 
+294s 0 0 0 0 0 0 0 
+295s 0 0 0 0 0 0 0 
+296s 0 0 0 0 0 0 0 
+297s 0 0 0 0 0 0 0 
+298s 0 0 0 0 0 0 0 
+299s 0 0 0 0 0 0 0 
+300s 0 0 0 0 0 0 0 
+301s 0 0 0 0 0 0 0 
+302s 0 0 0 0 0 0 0 
+303s 0 0 0 0 0 0 0 
+304s 0 0 0 0 0 0 0 
+305s 0 0 0 0 0 0 0 
+306s 0 0 0 0 0 0 0 
+307s 0 0 0 0 0 0 0 
+308s 0 0 0 0 0 0 0 
+309s 0 0 0 0 0 0 0 
+310s 0 1 0 0 0 0 0 
+311s 0 1 0 0 0 1 0 
+312s 0 0 0 0 0 0 0 
+313s 0 0 0 0 0 0 0 
+314s 0 0 0 0 0 0 0 
+315s 0 0 0 0 0 0 0 
+316s 0 0 0 0 0 0 0 
+317s 0 0 0 0 0 0 0 
+318s 0 0 0 0 0 0 0 
+319s 0 0 0 0 0 0 0 
+320s 0 0 0 0 0 0 0 
+321s 0 0 0 0 0 0 0 
+322s 0 0 0 0 0 0 0 
+323s 0 0 0 0 0 0 0 
+324s 0 0 0 0 0 0 0 
+325s 0 0 0 0 0 0 0 
+326s 0 0 0 0 0 0 0 
+327s 0 0 0 0 0 0 0 
+328s 0 0 0 0 0 0 0 
+329s 0 0 0 0 0 0 0 
+330s 0 0 0 0 0 0 0 
+331s 0 0 0 0 0 0 0 
+332s 0 0 0 0 0 0 0 
+333s 0 0 0 0 0 0 0 
+334s 0 0 0 0 0 0 0 
+335s 0 0 0 0 0 0 0 
+336s 0 0 0 0 0 0 0 
+337s 0 0 0 0 0 0 0 
+338s 0 0 0 0 0 0 0 
+339s 0 0 0 0 0 0 0 
+340s 0 0 0 0 0 0 0 
+341s 0 0 0 0 0 0 0 
+342s 0 0 0 0 0 0 0 
+343s 0 0 0 0 0 0 0 
+344s 0 0 0 0 0 0 0 
+345s 0 0 0 0 0 0 0 
+346s 0 0 0 0 0 0 0 
+347s 0 0 0 0 0 0 0 
+348s 0 0 0 0 0 0 0 
+349s 0 0 0 0 0 0 0 
+350s 0 0 0 0 0 0 0 
+351s 0 0 0 0 0 0 0 
+352s 0 0 0 0 0 0 0 
+353s 0 0 0 0 0 0 0 
+354s 0 0 0 0 0 0 0 
+355s 0 0 0 0 0 0 0 
+356s 0 0 0 0 0 0 0 
+357s 0 0 0 0 0 0 0 
+358s 0 0 0 0 0 0 0 
+359s 0 0 0 0 0 0 0 
+360s 0 0 0 0 0 0 0 
+361s 0 0 0 0 0 0 0 
+362s 0 0 0 0 0 0 0 
+363s 0 0 0 0 0 0 0 
+364s 0 0 0 0 0 0 0 
+365s 0 0 0 0 0 0 0 
+366s 0 0 0 0 0 0 0 
+367s 0 0 0 0 0 0 0 
+368s 0 0 0 0 0 0 0 
+369s 0 0 0 0 0 0 0 
+370s 0 1 0 0 0 0 0 
+371s 0 1 0 0 0 1 0 
+372s 0 0 0 0 0 0 0 
+373s 0 0 0 0 0 0 0 
+374s 0 0 0 0 0 0 0 
+375s 0 0 0 0 0 0 0 
+376s 0 0 0 0 0 0 0 
+377s 0 0 0 0 0 0 0 
+378s 0 0 0 0 0 0 0 
+379s 0 0 0 0 0 0 0 
+380s 0 0 0 0 0 0 0 
+381s 0 0 0 0 0 0 0 
+382s 0 0 0 0 0 0 0 
+383s 0 0 0 0 0 0 0 
+384s 0 0 0 0 0 0 0 
+385s 0 0 0 0 0 0 0 
+386s 0 0 0 0 0 0 0 
+387s 0 0 0 0 0 0 0 
+388s 0 0 0 0 0 0 0 
+389s 0 0 0 0 0 0 0 
+390s 0 0 0 0 0 0 0 
+391s 0 0 0 0 0 0 0 
+392s 0 0 0 0 0 0 0 
+393s 0 0 0 0 0 0 0 
+394s 0 0 0 0 0 0 0 
+395s 0 0 0 0 0 0 0 
+396s 0 0 0 0 0 0 0 
+397s 0 0 0 0 0 0 0 
+398s 0 0 0 0 0 0 0 
+399s 0 0 0 0 0 0 0 
+400s 0 0 0 0 0 0 0 
+401s 0 0 0 0 0 0 0 
+402s 0 0 0 0 0 0 0 
+403s 0 0 0 0 0 0 0 
+404s 0 0 0 0 0 0 0 
+405s 0 0 0 0 0 0 0 
+406s 0 0 0 0 0 0 0 
+407s 0 0 0 0 0 0 0 
+408s 0 0 0 0 0 0 0 
+409s 0 0 0 0 0 0 0 
+410s 0 0 0 0 0 0 0 
+411s 0 0 0 0 0 0 0 
+412s 0 0 0 0 0 0 0 
+413s 0 0 0 0 0 0 0 
+414s 0 0 0 0 0 0 0 
+415s 0 0 0 0 0 0 0 
+416s 0 0 0 0 0 0 0 
+417s 0 0 0 0 0 0 0 
+418s 0 0 0 0 0 0 0 
+419s 0 0 0 0 0 0 0 
+420s 0 0 0 0 0 0 0 
+421s 0 0 0 0 0 0 0 
+422s 0 0 0 0 0 0 0 
+423s 0 0 0 0 0 0 0 
+424s 0 0 0 0 0 0 0 
+425s 0 0 0 0 0 0 0 
+426s 0 0 0 0 0 0 0 
+427s 0 0 0 0 0 0 0 
+428s 0 0 0 0 0 0 0 
+429s 0 0 0 0 0 0 0 
+430s 0 1 0 0 0 0 0 
+431s 0 1 0 0 0 1 0 
+432s 0 0 0 0 0 0 0 
+433s 0 0 0 0 0 0 0 
+434s 0 0 0 0 0 0 0 
+435s 0 0 0 0 0 0 0 
+436s 0 0 0 0 0 0 0 
+437s 0 0 0 0 0 0 0 
+438s 0 0 0 0 0 0 0 
+439s 0 0 0 0 0 0 0 
+440s 0 0 0 0 0 0 0 
+441s 0 0 0 0 0 0 0 
+442s 0 0 0 0 0 0 0 
+443s 0 0 0 0 0 0 0 
+444s 0 0 0 0 0 0 0 
+445s 0 0 0 0 0 0 0 
+446s 0 0 0 0 0 0 0 
+447s 0 0 0 0 0 0 0 
+448s 0 0 0 0 0 0 0 
+449s 0 0 0 0 0 0 0 
+450s 0 0 0 0 0 0 0 
+451s 0 0 0 0 0 0 0 
+452s 0 0 0 0 0 0 0 
+453s 0 0 0 0 0 0 0 
+454s 0 0 0 0 0 0 0 
+455s 0 0 0 0 0 0 0 
+456s 0 0 0 0 0 0 0 
+457s 0 0 0 0 0 0 0 
+458s 0 0 0 0 0 0 0 
+459s 0 0 0 0 0 0 0 
+460s 0 0 0 0 0 0 0 
+461s 0 0 0 0 0 0 0 
+462s 0 0 0 0 0 0 0 
+463s 0 0 0 0 0 0 0 
+464s 0 0 0 0 0 0 0 
+465s 0 0 0 0 0 0 0 
+466s 0 0 0 0 0 0 0 
+467s 0 0 0 0 0 0 0 
+468s 0 0 0 0 0 0 0 
+469s 0 0 0 0 0 0 0 
+470s 0 0 0 0 0 0 0 
+471s 0 0 0 0 0 0 0 
+472s 0 0 0 0 0 0 0 
+473s 0 0 0 0 0 0 0 
+474s 0 0 0 0 0 0 0 
+475s 0 0 0 0 0 0 0 
+476s 0 0 0 0 0 0 0 
+477s 0 0 0 0 0 0 0 
+478s 0 0 0 0 0 0 0 
+479s 0 0 0 0 0 0 0 
+480s 0 0 0 0 0 0 0 
+481s 0 0 0 0 0 0 0 
+482s 0 0 0 0 0 0 0 
+483s 0 0 0 0 0 0 0 
+484s 0 0 0 0 0 0 0 
+485s 0 0 0 0 0 0 0 
+486s 0 0 0 0 0 0 0 
+487s 0 0 0 0 0 0 0 
+488s 0 0 0 0 0 0 0 
+489s 0 0 0 0 0 0 0 
+490s 0 1 0 0 0 0 0 
+491s 0 1 0 0 0 1 0 
+492s 0 0 0 0 0 0 0 
+493s 0 0 0 0 0 0 0 
+494s 0 0 0 0 0 0 0 
+495s 0 0 0 0 0 0 0 
+496s 0 0 0 0 0 0 0 
+497s 0 0 0 0 0 0 0 
+498s 0 0 0 0 0 0 0 
+499s 0 0 0 0 0 0 0 
+500s 0 0 0 0 0 0 0 
+501s 0 0 0 0 0 0 0 
+502s 0 0 0 0 0 0 0 
+503s 0 0 0 0 0 0 0 
+504s 0 0 0 0 0 0 0 
+505s 0 0 0 0 0 0 0 
+506s 0 0 0 0 0 0 0 
+507s 0 0 0 0 0 0 0 
+508s 0 0 0 0 0 0 0 
+509s 0 0 0 0 0 0 0 
+510s 0 0 0 0 0 0 0 
+511s 0 0 0 0 0 0 0 
+512s 0 0 0 0 0 0 0 
+513s 0 0 0 0 0 0 0 
+514s 0 0 0 0 0 0 0 
+515s 0 0 0 0 0 0 0 
+516s 0 0 0 0 0 0 0 
+517s 0 0 0 0 0 0 0 
+518s 0 0 0 0 0 0 0 
+519s 0 0 0 0 0 0 0 
+520s 0 0 0 0 0 0 0 
+521s 0 0 0 0 0 0 0 
+522s 0 0 0 0 0 0 0 
+523s 0 0 0 0 0 0 0 
+524s 0 0 0 0 0 0 0 
+525s 0 0 0 0 0 0 0 
+526s 0 0 0 0 0 0 0 
+527s 0 0 0 0 0 0 0 
+528s 0 0 0 0 0 0 0 
+529s 0 0 0 0 0 0 0 
+530s 0 0 0 0 0 0 0 
+531s 0 0 0 0 0 0 0 
+532s 0 0 0 0 0 0 0 
+533s 0 0 0 0 0 0 0 
+534s 0 0 0 0 0 0 0 
+535s 0 0 0 0 0 0 0 
+536s 0 0 0 0 0 0 0 
+537s 0 0 0 0 0 0 0 
+538s 0 0 0 0 0 0 0 
+539s 0 0 0 0 0 0 0 
+540s 0 0 0 0 0 0 0 
+541s 0 0 0 0 0 0 0 
+542s 0 0 0 0 0 0 0 
+543s 0 0 0 0 0 0 0 
+544s 0 0 0 0 0 0 0 
+545s 0 0 0 0 0 0 0 
+546s 0 0 0 0 0 0 0 
+547s 0 0 0 0 0 0 0 
+548s 0 0 0 0 0 0 0 
+549s 0 0 0 0 0 0 0 
+550s 0 1 0 0 0 0 0 
+551s 0 1 0 0 0 1 0 
+552s 0 0 0 0 0 0 0 
+553s 0 0 0 0 0 0 0 
+554s 0 0 0 0 0 0 0 
+555s 0 0 0 0 0 0 0 
+556s 0 0 0 0 0 0 0 
+557s 0 0 0 0 0 0 0 
+558s 0 0 0 0 0 0 0 
+559s 0 0 0 0 0 0 0 
+560s 0 0 0 0 0 0 0 
+561s 0 0 0 0 0 0 0 
+562s 0 0 0 0 0 0 0 
+563s 0 0 0 0 0 0 0 
+564s 0 0 0 0 0 0 0 
+565s 0 0 0 0 0 0 0 
+566s 0 0 0 0 0 0 0 
+567s 0 0 0 0 0 0 0 
+568s 0 0 0 0 0 0 0 
+569s 0 0 0 0 0 0 0 
+570s 0 0 0 0 0 0 0 
+571s 0 0 0 0 0 0 0 
+572s 0 0 0 0 0 0 0 
+573s 0 0 0 0 0 0 0 
+574s 0 0 0 0 0 0 0 
+575s 0 0 0 0 0 0 0 
+576s 0 0 0 0 0 0 0 
+577s 0 0 0 0 0 0 0 
+578s 0 0 0 0 0 0 0 
+579s 0 0 0 0 0 0 0 
+580s 0 0 0 0 0 0 0 
+581s 0 0 0 0 0 0 0 
+582s 0 0 0 0 0 0 0 
+583s 0 0 0 0 0 0 0 
+584s 0 0 0 0 0 0 0 
+585s 0 0 0 0 0 0 0 
+586s 0 0 0 0 0 0 0 
+587s 0 0 0 0 0 0 0 
+588s 0 0 0 0 0 0 0 
+589s 0 0 0 0 0 0 0 
+590s 0 0 0 0 0 0 0 
+591s 0 0 0 0 0 0 0 
+592s 0 0 0 0 0 0 0 
+593s 0 0 0 0 0 0 0 
+594s 0 0 0 0 0 0 0 
+595s 0 0 0 0 0 0 0 
+596s 0 0 0 0 0 0 0 
+597s 0 0 0 0 0 0 0 
+598s 0 0 0 0 0 0 0 
+599s 0 0 0 0 0 0 0 
