+0s 1 250 0 5 14
+1s 1 250 0 5 14
+2s 1 250 0 5 14
+3s 1 250 0 5 14
+4s 1 250 0 5 14
+5s 1 250 0 5 14
+6s 1 250 0 5 14
+7s 1 250 0 5 14
+8s 1 250 0 5 14
+9s 1 250 0 5 14
+10s 1 250 0 5 14
+11s 1 250 0 5 14
+12s 1 250 0 5 14
+13s 1 250 0 5 14
+14s 1 250 0 5 14
+15s 1 250 0 5 14
+16s 1 250 0 5 14
+17s 1 250 0 5 14
+18s 1 250 0 5 14
+19s 1 250 0 5 14
+20s 1 250 0 5 14
+21s 1 250 0 5 14
+22s 1 250 0 5 14
+23s 1 250 0 5 14
+24s 1 250 0 5 14
+25s 1 250 0 5 14
+26s 1 250 0 5 14
+27s 1 250 0 5 14
+28s 1 250 0 5 14
+29s 1 250 0 5 14
+30s 1 250 0 5 14
+31s 1 250 0 5 14
+32s 1 250 0 5 14
+33s 1 250 0 5 14
+34s 1 250 0 5 14
+35s 1 250 0 5 14
+36s 1 250 0 5 14
+37s 1 250 0 5 14
+38s 1 250 0 5 14
+39s 1 250 0 5 14
+40s 1 250 0 5 14
+41s 1 250 0 5 14
+42s 1 250 0 5 14
+43s 1 250 0 5 14
+44s 1 250 0 5 14
+45s 1 250 0 5 14
+46s 1 250 0 5 14
+47s 1 250 0 5 14
+48s 1 250 0 5 14
+49s 1 250 0 5 14
+50s 1 250 0 5 14
+51s 1 250 0 5 14
+52s 1 250 0 5 14
+53s 1 250 0 5 14
+54s 1 250 0 5 14
+55s 1 250 0 5 14
+56s 1 250 0 5 14
+57s 1 250 0 5 14
+58s 1 250 0 5 14
+59s 1 250 0 5 14
+60s 1 250 0 5 14
+61s 1 250 0 5 14
+62s 1 250 0 5 14
+63s 1 250 0 5 14
+64s 1 250 0 5 14
+65s 1 250 0 5 14
+66s 1 250 0 5 14
+67s 1 250 0 5 14
+68s 1 250 0 5 14
+69s 1 250 0 5 14
+70s 1 250 0 5 14
+71s 1 250 0 5 14
+72s 1 250 0 5 14
+73s 1 250 0 5 14
+74s 1 250 0 5 14
+75s 1 250 0 5 14
+76s 1 250 0 5 14
+77s 1 250 0 5 14
+78s 1 250 0 5 14
+79s 1 250 0 5 14
+80s 1 250 0 5 14
+81s 1 250 0 5 14
+82s 1 250 0 5 14
+83s 1 250 0 5 14
+84s 1 250 0 5 14
+85s 1 250 0 5 14
+86s 1 250 0 5 14
+87s 1 250 0 5 14
+88s 1 250 0 5 14
+89s 1 250 0 5 14
+90s 1 250 0 5 14
+91s 1 250 0 5 14
+92s 1 250 0 5 14
+93s 1 250 0 5 14
+94s 1 250 0 5 14
+95s 1 250 0 5 14
+96s 1 250 0 5 14
+97s 1 250 0 5 14
+98s 1 250 0 5 14
+99s 1 250 0 5 14
+100s 1 250 0 5 14
+101s 1 250 0 5 14
+102s 1 250 0 5 14
+103s 1 250 0 5 14
+104s 1 250 0 5 14
+105s 1 250 0 5 14
+106s 1 250 0 5 14
+107s 1 250 0 5 14
+108s 1 250 0 5 14
+109s 1 250 0 5 14
+110s 1 250 0 5 14
+111s 1 250 0 5 14
+112s 1 250 0 5 14
+113s 1 250 0 5 14
+114s 1 250 0 5 14
+115s 1 250 0 5 14
+116s 1 250 0 5 14
+117s 1 250 0 5 14
+118s 1 250 0 5 14
+119s 1 250 0 5 14
+120s 1 250 0 5 14
+121s 1 250 0 5 14
+122s 1 250 0 5 14
+123s 1 250 0 5 14
+124s 1 250 0 5 14
+125s 1 250 0 5 14
+126s 1 250 0 5 14
+127s 1 250 0 5 14
+128s 1 250 0 5 14
+129s 1 250 0 5 14
+130s 1 250 0 5 14
+131s 1 250 0 5 14
+132s 1 250 0 5 14
+133s 1 250 0 5 14
+134s 1 250 0 5 14
+135s 1 250 0 5 14
+136s 1 250 0 5 14
+137s 1 250 0 5 14
+138s 1 250 0 5 14
+139s 1 250 0 5 14
+140s 1 250 0 5 14
+141s 1 250 0 5 14
+142s 1 250 0 5 14
+143s 1 250 0 5 14
+144s 1 250 0 5 14
+145s 1 250 0 5 14
+146s 1 250 0 5 14
+147s 1 250 0 5 14
+148s 1 250 0 5 14
+149s 1 250 0 5 14
+150s 1 250 0 5 14
+151s 1 250 0 5 14
+152s 1 250 0 5 14
+153s 1 250 0 5 14
+154s 1 250 0 5 14
+155s 1 250 0 5 14
+156s 1 250 0 5 14
+157s 1 250 0 5 14
+158s 1 250 0 5 14
+159s 1 250 0 5 14
+160s 1 250 0 5 14
+161s 1 250 0 5 14
+162s 1 250 0 5 14
+163s 1 250 0 5 14
+164s 1 250 0 5 14
+165s 1 250 0 5 14
+166s 1 250 0 5 14
+167s 1 250 0 5 14
+168s 1 250 0 5 14
+169s 1 250 0 5 14
+170s 1 250 0 5 14
+171s 1 250 0 5 14
+172s 1 250 0 5 14
+173s 1 250 0 5 14
+174s 1 250 0 5 14
+175s 1 250 0 5 14
+176s 1 250 0 5 14
+177s 1 250 0 5 14
+178s 1 250 0 5 14
+179s 1 250 0 5 14
+180s 1 250 0 5 14
+181s 1 250 0 5 14
+182s 1 250 0 5 14
+183s 1 250 0 5 14
+184s 1 250 0 5 14
+185s 1 250 0 5 14
+186s 1 250 0 5 14
+187s 1 250 0 5 14
+188s 1 250 0 5 14
+189s 1 250 0 5 14
+190s 1 250 0 5 14
+191s 1 250 0 5 14
+192s 1 250 0 5 14
+193s 1 250 0 5 14
+194s 1 250 0 5 14
+195s 1 250 0 5 14
+196s 1 250 0 5 14
+197s 1 250 0 5 14
+198s 1 250 0 5 14
+199s 1 250 0 5 14
+200s 1 250 0 5 14
+201s 1 250 0 5 14
+202s 1 250 0 5 14
+203s 1 250 0 5 14
+204s 1 250 0 5 14
+205s 1 250 0 5 14
+206s 1 250 0 5 14
+207s 1 250 0 5 14
+208s 1 250 0 5 14
+209s 1 250 0 5 14
+210s 1 250 0 5 14
+211s 1 250 0 5 14
+212s 1 250 0 5 14
+213s 1 250 0 5 14
+214s 1 250 0 5 14
+215s 1 250 0 5 14
+216s 1 250 0 5 14
+217s 1 250 0 5 14
+218s 1 250 0 5 14
+219s 1 250 0 5 14
+220s 1 250 0 5 14
+221s 1 250 0 5 14
+222s 1 250 0 5 14
+223s 1 250 0 5 14
+224s 1 250 0 5 14
+225s 1 250 0 5 14
+226s 1 250 0 5 14
+227s 1 250 0 5 14
+228s 1 250 0 5 14
+229s 1 250 0 5 14
+230s 1 250 0 5 14
+231s 1 250 0 5 14
+232s 1 250 0 5 14
+233s 1 250 0 5 14
+234s 1 250 0 5 14
+235s 1 250 0 5 14
+236s 1 250 0 5 14
+237s 1 250 0 5 14
+238s 1 250 0 5 14
+239s 1 250 0 5 14
+240s 1 250 0 5 14
+241s 1 250 0 5 14
+242s 1 250 0 5 14
+243s 1 250 0 5 14
+244s 1 250 0 5 14
+245s 1 250 0 5 14
+246s 1 250 0 5 14
+247s 1 250 0 5 14
+248s 1 250 0 5 14
+249s 1 250 0 5 14
+250s 1 250 0 5 14
+251s 1 250 0 5 14
+252s 1 250 0 5 14
+253s 1 250 0 5 14
+254s 1 250 0 5 14
+255s 1 250 0 5 14
+256s 1 250 0 5 14
+257s 1 250 0 5 14
+258s 1 250 0 5 14
+259s 1 250 0 5 14
+260s 1 250 0 5 14
+261s 1 250 0 5 14
+262s 1 250 0 5 14
+263s 1 250 0 5 14
+264s 1 250 0 5 14
+265s 1 250 0 5 14
+266s 1 250 0 5 14
+267s 1 250 0 5 14
+268s 1 250 0 5 14
+269s 1 250 0 5 14
+270s 1 250 0 5 14
+271s 1 250 0 5 14
+272s 1 250 0 5 14
+273s 1 250 0 5 14
+274s 1 250 0 5 14
+275s 1 250 0 5 14
+276s 1 250 0 5 14
+277s 1 250 0 5 14
+278s 1 250 0 5 14
+279s 1 250 0 5 14
+280s 1 250 0 5 14
+281s 1 250 0 5 14
+282s 1 250 0 5 14
+283s 1 250 0 5 14
+284s 1 250 0 5 14
+285s 1 250 0 5 14
+286s 1 250 0 5 14
+287s 1 250 0 5 14
+288s 1 250 0 5 14
+289s 1 250 0 5 14
+290s 1 250 0 5 14
+291s 1 250 0 5 14
+292s 1 250 0 5 14
+293s 1 250 0 5 14
+294s 1 250 0 5 14
+295s 1 250 0 5 14
+296s 1 250 0 5 14
+297s 1 250 0 5 14
+298s 1 250 0 5 14
+299s 1 250 0 5 14
+300s 1 250 0 5 14
+301s 1 250 0 5 14
+302s 1 250 0 5 14
+303s 1 250 0 5 14
+304s 1 250 0 5 14
+305s 1 250 0 5 14
+306s 1 250 0 5 14
+307s 1 250 0 5 14
+308s 1 250 0 5 14
+309s 1 250 0 5 14
+310s 1 250 0 5 14
+311s 1 250 0 5 14
+312s 1 250 0 5 14
+313s 1 250 0 5 14
+314s 1 250 0 5 14
+315s 1 250 0 5 14
+316s 1 250 0 5 14
+317s 1 250 0 5 14
+318s 1 250 0 5 14
+319s 1 250 0 5 14
+320s 1 250 0 5 14
+321s 1 250 0 5 14
+322s 1 250 0 5 14
+323s 1 250 0 5 14
+324s 1 250 0 5 14
+325s 1 250 0 5 14
+326s 1 250 0 5 14
+327s 1 250 0 5 14
+328s 1 250 0 5 14
+329s 1 250 0 5 14
+330s 1 250 0 5 14
+331s 1 250 0 5 14
+332s 1 250 0 5 14
+333s 1 250 0 5 14
+334s 1 250 0 5 14
+335s 1 250 0 5 14
+336s 1 250 0 5 14
+337s 1 250 0 5 14
+338s 1 250 0 5 14
+339s 1 250 0 5 14
+340s 1 250 0 5 14
+341s 1 250 0 5 14
+342s 1 250 0 5 14
+343s 1 250 0 5 14
+344s 1 250 0 5 14
+345s 1 250 0 5 14
+346s 1 250 0 5 14
+347s 1 250 0 5 14
+348s 1 250 0 5 14
+349s 1 250 0 5 14
+350s 1 250 0 5 14
+351s 1 250 0 5 14
+352s 1 250 0 5 14
+353s 1 250 0 5 14
+354s 1 250 0 5 14
+355s 1 250 0 5 14
+356s 1 250 0 5 14
+357s 1 250 0 5 14
+358s 1 250 0 5 14
+359s 1 250 0 5 14
+360s 1 250 0 5 14
+361s 1 250 0 5 14
+362s 1 250 0 5 14
+363s 1 250 0 5 14
+364s 1 250 0 5 14
+365s 1 250 0 5 14
+366s 1 250 0 5 14
+367s 1 250 0 5 14
+368s 1 250 0 5 14
+369s 1 250 0 5 14
+370s 1 250 0 5 14
+371s 1 250 0 5 14
+372s 1 250 0 5 14
+373s 1 250 0 5 14
+374s 1 250 0 5 14
+375s 1 250 0 5 14
+376s 1 250 0 5 14
+377s 1 250 0 5 14
+378s 1 250 0 5 14
+379s 1 250 0 5 14
+380s 1 250 0 5 14
+381s 1 250 0 5 14
+382s 1 250 0 5 14
+383s 1 250 0 5 14
+384s 1 250 0 5 14
+385s 1 250 0 5 14
+386s 1 250 0 5 14
+387s 1 250 0 5 14
+388s 1 250 0 5 14
+389s 1 250 0 5 14
+390s 1 250 0 5 14
+391s 1 250 0 5 14
+392s 1 250 0 5 14
+393s 1 250 0 5 14
+394s 1 250 0 5 14
+395s 1 250 0 5 14
+396s 1 250 0 5 14
+397s 1 250 0 5 14
+398s 1 250 0 5 14
+399s 1 250 0 5 14
+400s 1 250 0 5 14
+401s 1 250 0 5 14
+402s 1 250 0 5 14
+403s 1 250 0 5 14
+404s 1 250 0 5 14
+405s 1 250 0 5 14
+406s 1 250 0 5 14
+407s 1 250 0 5 14
+408s 1 250 0 5 14
+409s 1 250 0 5 14
+410s 1 250 0 5 14
+411s 1 250 0 5 14
+412s 1 250 0 5 14
+413s 1 250 0 5 14
+414s 1 250 0 5 14
+415s 1 250 0 5 14
+416s 1 250 0 5 14
+417s 1 250 0 5 14
+418s 1 250 0 5 14
+419s 1 250 0 5 14
+420s 1 250 0 5 14
+421s 1 250 0 5 14
+422s 1 250 0 5 14
+423s 1 250 0 5 14
+424s 1 250 0 5 14
+425s 1 250 0 5 14
+426s 1 250 0 5 14
+427s 1 250 0 5 14
+428s 1 250 0 5 14
+429s 1 250 0 5 14
+430s 1 250 0 5 14
+431s 1 250 0 5 14
+432s 1 250 0 5 14
+433s 1 250 0 5 14
+434s 1 250 0 5 14
+435s 1 250 0 5 14
+436s 1 250 0 5 14
+437s 1 250 0 5 14
+438s 1 250 0 5 14
+439s 1 250 0 5 14
+440s 1 250 0 5 14
+441s 1 250 0 5 14
+442s 1 250 0 5 14
+443s 1 250 0 5 14
+444s 1 250 0 5 14
+445s 1 250 0 5 14
+446s 1 250 0 5 14
+447s 1 250 0 5 14
+448s 1 250 0 5 14
+449s 1 250 0 5 14
+450s 1 250 0 5 14
+451s 1 250 0 5 14
+452s 1 250 0 5 14
+453s 1 250 0 5 14
+454s 1 250 0 5 14
+455s 1 250 0 5 14
+456s 1 250 0 5 14
+457s 1 250 0 5 14
+458s 1 250 0 5 14
+459s 1 250 0 5 14
+460s 1 250 0 5 14
+461s 1 250 0 5 14
+462s 1 250 0 5 14
+463s 1 250 0 5 14
+464s 1 250 0 5 14
+465s 1 250 0 5 14
+466s 1 250 0 5 14
+467s 1 250 0 5 14
+468s 1 250 0 5 14
+469s 1 250 0 5 14
+470s 1 250 0 5 14
+471s 1 250 0 5 14
+472s 1 250 0 5 14
+473s 1 250 0 5 14
+474s 1 250 0 5 14
+475s 1 250 0 5 14
+476s 1 250 0 5 14
+477s 1 250 0 5 14
+478s 1 250 0 5 14
+479s 1 250 0 5 14
+480s 1 250 0 5 14
+481s 1 250 0 5 14
+482s 1 250 0 5 14
+483s 1 250 0 5 14
+484s 1 250 0 5 14
+485s 1 250 0 5 14
+486s 1 250 0 5 14
+487s 1 250 0 5 14
+488s 1 250 0 5 14
+489s 1 250 0 5 14
+490s 1 250 0 5 14
+491s 1 250 0 5 14
+492s 1 250 0 5 14
+493s 1 250 0 5 14
+494s 1 250 0 5 14
+495s 1 250 0 5 14
+496s 1 250 0 5 14
+497s 1 250 0 5 14
+498s 1 250 0 5 14
+499s 1 250 0 5 14
+500s 1 250 0 5 14
+501s 1 250 0 5 14
+502s 1 250 0 5 14
+503s 1 250 0 5 14
+504s 1 250 0 5 14
+505s 1 250 0 5 14
+506s 1 250 0 5 14
+507s 1 250 0 5 14
+508s 1 250 0 5 14
+509s 1 250 0 5 14
+510s 1 250 0 5 14
+511s 1 250 0 5 14
+512s 1 250 0 5 14
+513s 1 250 0 5 14
+514s 1 250 0 5 14
+515s 1 250 0 5 14
+516s 1 250 0 5 14
+517s 1 250 0 5 14
+518s 1 250 0 5 14
+519s 1 250 0 5 14
+520s 1 250 0 5 14
+521s 1 250 0 5 14
+522s 1 250 0 5 14
+523s 1 250 0 5 14
+524s 1 250 0 5 14
+525s 1 250 0 5 14
+526s 1 250 0 5 14
+527s 1 250 0 5 14
+528s 1 250 0 5 14
+529s 1 250 0 5 14
+530s 1 250 0 5 14
+531s 1 250 0 5 14
+532s 1 250 0 5 14
+533s 1 250 0 5 14
+534s 1 250 0 5 14
+535s 1 250 0 5 14
+536s 1 250 0 5 14
+537s 1 250 0 5 14
+538s 1 250 0 5 14
+539s 1 250 0 5 14
+540s 1 250 0 5 14
+541s 1 250 0 5 14
+542s 1 250 0 5 14
+543s 1 250 0 5 14
+544s 1 250 0 5 14
+545s 1 250 0 5 14
+546s 1 250 0 5 14
+547s 1 250 0 5 14
+548s 1 250 0 5 14
+549s 1 250 0 5 14
+550s 1 250 0 5 14
+551s 1 250 0 5 14
+552s 1 250 0 5 14
+553s 1 250 0 5 14
+554s 1 250 0 5 14
+555s 1 250 0 5 14
+556s 1 250 0 5 14
+557s 1 250 0 5 14
+558s 1 250 0 5 14
+559s 1 250 0 5 14
+560s 1 250 0 5 14
+561s 1 250 0 5 14
+562s 1 250 0 5 14
+563s 1 250 0 5 14
+564s 1 250 0 5 14
+565s 1 250 0 5 14
+566s 1 250 0 5 14
+567s 1 250 0 5 14
+568s 1 250 0 5 14
+569s 1 250 0 5 14
+570s 1 250 0 5 14
+571s 1 250 0 5 14
+572s 1 250 0 5 14
+573s 1 250 0 5 14
+574s 1 250 0 5 14
+575s 1 250 0 5 14
+576s 1 250 0 5 14
+577s 1 250 0 5 14
+578s 1 250 0 5 14
+579s 1 250 0 5 14
+580s 1 250 0 5 14
+581s 1 250 0 5 14
+582s 1 250 0 5 14
+583s 1 250 0 5 14
+584s 1 250 0 5 14
+585s 1 250 0 5 14
+586s 1 250 0 5 14
+587s 1 250 0 5 14
+588s 1 250 0 5 14
+589s 1 250 0 5 14
+590s 1 250 0 5 14
+591s 1 250 0 5 14
+592s 1 250 0 5 14
+593s 1 250 0 5 14
+594s 1 250 0 5 14
+595s 1 250 0 5 14
+596s 1 250 0 5 14
+597s 1 250 0 5 14
+598s 1 250 0 5 14
+599s 1 250 0 5 14
