+0s 1 1000 0 5 14
+30s 1 1000 0 5 14
+60s 1 1000 0 5 14
+90s 1 1000 0 5 14
+120s 1 1000 0 5 14
+150s 1 1000 0 5 14
+180s 1 1000 0 5 14
+210s 1 1000 0 5 14
+240s 1 1000 0 5 14
+270s 1 1000 0 5 14
+300s 1 1000 0 5 14
+330s 1 1000 0 5 14
+360s 1 1000 0 5 14
+390s 1 1000 0 5 14
+420s 1 1000 0 5 14
+450s 1 1000 0 5 14
+480s 1 1000 0 5 14
+510s 1 1000 0 5 14
+540s 1 1000 0 5 14
+570s 1 1000 0 5 14
+600s 1 1000 0 5 14
+630s 1 1000 0 5 14
+660s 1 1000 0 5 14
+690s 1 1000 0 5 14
+720s 1 1000 0 5 14
+750s 1 1000 0 5 14
+780s 1 1000 0 5 14
+810s 1 1000 0 5 14
+840s 1 1000 0 5 14
+870s 1 1000 0 5 14
