+0s 0 0 0 0 0 0 0 
+30s 0 1 1 0 0 0 0 
+60s 0 0 0 0 0 0 0 
+90s 0 0 0 0 0 0 0 
+120s 0 0 0 0 0 0 0 
+150s 0 0 0 0 0 0 0 
+180s 0 0 0 0 0 0 0 
+210s 0 1 1 0 0 0 0 
+240s 0 0 0 0 0 0 0 
+270s 0 0 0 0 0 0 0 
+300s 0 0 0 0 0 0 0 
+330s 0 0 0 0 0 0 0 
+360s 0 0 0 0 0 0 0 
+390s 0 1 1 0 0 0 0 
+420s 0 0 0 0 0 0 0 
+450s 0 0 0 0 0 0 0 
+480s 0 0 0 0 0 0 0 
+510s 0 0 0 0 0 0 0 
+540s 0 0 0 0 0 0 0 
+570s 0 1 1 0 0 0 0 
+600s 0 0 0 0 0 0 0 
+630s 0 0 0 0 0 0 0 
+660s 0 0 0 0 0 0 0 
+690s 0 0 0 0 0 0 0 
+720s 0 0 0 0 0 0 0 
+750s 0 1 1 0 0 0 0 
+780s 0 0 0 0 0 0 0 
+810s 0 0 0 0 0 0 0 
+840s 0 0 0 0 0 0 0 
+870s 0 0 0 0 0 0 0 
